5

5 2
3 3
1 1 1
1 1 0
1 0 0
1
100 3
3
3 2
1 1 1
1 0 1
2
100 1
200 3
2

6 3
3 2
1 1 1
1 1 1
1
100 1
3
2 3
1 1
1 1
1 1
1
200 2
3
2 3
1 1
1 1
1 1
1
200 4
0

8 2
2 2
1 0
1 1
2
100 1
200 2
2
2 2
1 1
1 1
2
100 1
200 4
2

10 3
3 3
1 1 1
1 1 1
1 1 1
1
200 2
3
3 3
1 1 1
1 0 0
1 1 1
2
100 2
200 2
6
3 3
1 1 1
1 1 1
1 1 1
1
200 2
9

4 2
3 3
1 1 1
1 1 1
1 1 1
1
100 1
3
3 1
1 1 1
2
100 1
200 3
0





























1
4 4
3 3
1 0 0
1 1 0
1 0 0
1
200 0
3
3 3
1 0 0
1 0 0
1 1 0
2
100 4
200 2
6
3 3
1 0 0
1 0 0
1 0 0
1
200 1
9
3 3
1 0 0
1 0 0
1 0 0
1
200 3
9




1
10 3
3 3
1 1 1
1 1 1
1 1 1
1
200 2
3
3 3
1 1 1
1 0 0
1 1 1
2
100 2
200 2
6
3 3
1 1 1
1 1 1
1 1 1
1
200 2
9












1
8 2
2 2
1 0
1 1
2
100 1
200 2
2
2 2
1 1
1 1
2
100 1
200 4
2
10 3
3 3
1 1 1
1 1 1
1 1 1
1
200 2
3
3 3
1 1 1
1 0 0
1 1 1
2
100 2
200 2
6
3 3
1 1 1
1 1 1
1 1 1
1
200 2
9




1
6 3
3 2
1 1 1
1 1 1
1
100 1
3
2 3
1 1
1 1
1 1
1
200 2
3
2 3
1 1
1 1
1 1
1
200 4
0




